SHORTSWORD 0 1 103 633 141 671 925 65 723 509 2 2
LONGSWORD 1 0 106 636 144 674 928 68 726 512 2 2
BATTLEAXE 2 0 110 640 148 678 931 72 730 516 3 1
BASTARDSWORD 3 0 123 652 161 690 940 85 742 528 2 2
LIGHTFLAIL 4 0 114 644 152 682 935 76 734 520 2 1
WARHAMMER 5 0 115 645 153 683 936 77 735 521 3 1
HEAVYCROSSBOW 6 0 92 622 130 660 0 54 712 498 2 2
LIGHTCROSSBOW 7 0 93 623 131 661 0 55 713 499 2 2
LONGBOW 8 0 101 631 139 669 0 63 721 507 3 1
LIGHTMACE 9 1 94 624 132 662 921 56 714 500 2 1
HALBERD 10 0 112 642 150 680 933 74 732 518 3 1
SHORTBOW 11 0 102 632 140 670 0 64 722 508 3 1
TWOBLADEDSWORD 12 0 127 655 165 693 943 89 745 531 2 2
GREATSWORD 13 0 107 637 145 675 929 69 727 513 2 2
SMALLSHIELD 14 0 0 0 0 0 0 0 0 0 0 0
TORCH 15 0 1 0 0 0 0 0 0 0 0 0
ARMOR 16 0 0 0 0 0 0 0 0 0 0 0
HELMET 17 0 0 0 0 0 0 0 0 0 0 0
GREATAXE 18 0 111 641 149 679 932 73 731 517 3 1
AMULET 19 0 0 0 0 0 0 0 0 0 0 0
ARROW 20 0 0 0 0 0 0 0 0 0 0 0
BELT 21 0 0 0 0 0 0 0 0 0 0 0
DAGGER 22 1 90 620 128 658 920 52 710 496 2 2
MISCSMALL 24 0 0 0 0 0 0 0 0 0 0 0
BOLT 25 0 0 0 0 0 0 0 0 0 0 0
BOOTS 26 0 0 0 0 0 0 0 0 0 0 0
BULLET 27 0 0 0 0 0 0 0 0 0 0 0
CLUB 28 0 43 619 47 657 919 15 709 495 2 1
MISCMEDIUM 29 0 0 0 0 0 0 0 0 0 0 0 0
DART 31 0 91 621 129 659 0 53 711 497 2 1
DIREMACE 32 1 125 653 163 691 941 87 743 529 2 1
DOUBLEAXE 33 0 126 654 164 692 942 88 744 530 3 1
MISCLARGE 34 0 0 0 0 0 0 0 0 0 0 0
HEAVYFLAIL 35 0 116 646 154 684 937 78 736 522 2 1
GLOVES 36 1 100 630 138 668 0 62 720 506 2 1
LIGHTHAMMER 37 1 113 643 151 681 934 75 733 519 3 1
HANDAXE 38 1 108 638 146 676 930 70 728 514 3 1
HEALERSKIT 39 0 0 0 0 0 0 0 0 0 0 0
KAMA 40 1 117 647 155 685 880 79 737 523 2 1
KATANA 41 0 122 651 160 689 939 84 741 527 2 2
KUKRI 42 1 118 648 156 686 881 80 738 524 2 3
MISCTALL 43 0 0 0 0 0 0 0 0 0 0 0
MAGICROD 44 0 0 0 0 0 0 0 0 0 0 0
MAGICSTAFF 45 0 0 0 0 0 0 0 0 0 0 0
MAGICWAND 46 0 0 0 0 0 0 0 0 0 0 0
MORNINGSTAR 47 0 95 625 133 663 922 57 715 501 2 1
POTIONS 49 0 0 0 0 0 0 0 0 0 0 0
QUARTERSTAFF 50 0 96 626 134 664 923 58 716 502 2 1
RAPIER 51 1 104 634 142 672 926 66 724 510 2 3
RING 52 0 0 0 0 0 0 0 0 0 0 0
SCIMITAR 53 0 105 635 143 673 927 67 725 511 2 3
SCROLL 54 0 0 0 0 0 0 0 0 0 0 0
SCYTHE 55 0 121 650 159 688 938 83 740 526 4 1
LARGESHIELD 56 0 0 0 0 0 0 0 0 0 0 0
TOWERSHIELD 57 0 0 0 0 0 0 0 0 0 0 0
SHORTSPEAR 58 0 97 627 135 665 924 59 717 503 3 1
SHURIKEN 59 0 120 649 158 687 0 82 739 525 2 1
SICKLE 60 1 98 628 136 666 879 60 718 504 2 1
SLING 61 0 99 629 137 667 0 61 719 505 2 1
THIEVESTOOLS 62 0 0 0 0 0 0 0 0 0 0 0
THROWINGAXE 63 0 109 639 147 677 0 71 729 515 2 1
TRAPKIT 64 0 0 0 0 0 0 0 0 0 0 0
KEY 65 0 0 0 0 0 0 0 0 0 0 0
LARGEBOX 66 0 0 0 0 0 0 0 0 0 0 0
MISCWIDE 68 0 0 0 0 0 0 0 0 0 0 0
CSLASHWEAPON 69 0 291 656 290 694 0 292 746 532 2 1
CPIERCWEAPON 70 0 291 656 290 694 0 292 746 532 2 1
CBLUDGWEAPON 71 0 291 656 290 694 0 292 746 532 2 1
CSLSHPRCWEAP 72 0 291 656 290 694 0 292 746 532 2 1
CREATUREITEM 73 0 291 656 290 694 0 292 746 532 2 1
BOOK 74 0 0 0 0 0 0 0 0 0 0 0
SPELLSCROLL 75 0 0 0 0 0 0 0 0 0 0 0
GOLD 76 0 0 0 0 0 0 0 0 0 0 0
GEM 77 0 0 0 0 0 0 0 0 0 0 0
BRACER 78 1 100 630 138 668 0 62 720 506 2 1
MISCTHIN 79 0 0 0 0 0 0 0 0 0 0 0
CLOAK 80 0 0 0 0 0 0 0 0 0 0 0
GRENADE 81 0 0 0 0 0 0 0 0 0 0 0
TRIDENT 95 0 1072 1076 1073 1077 1079 1074 1078 1075 2 1
BLANK_POTION 101 0 0 0 0 0 0 0 0 0 0 0
BLANK_SCROLL 102 0 0 0 0 0 0 0 0 0 0 0
BLANK_WAND 103 0 0 0 0 0 0 0 0 0 0 0
ENCHANTED_POTION 104 0 0 0 0 0 0 0 0 0 0 0
ENCHANTED_SCROLL 105 0 0 0 0 0 0 0 0 0 0 0
ENCHANTED_WAND 106 0 0 0 0 0 0 0 0 0 0 0
DWARVENWARAXE 108 0 952 956 953 957 959 954 958 955 3 1
CRAFTMATERIALMED 109 0 0 0 0 0 0 0 0 0 0 0
CRAFTMATERIALSML 110 0 0 0 0 0 0 0 0 0 0 0
WHIP 111 1 993 997 994 998 1000 995 999 996 2 1
INVALID 256 1 100 630 138 668 0 62 720 506 2 1

SIMPLE 46 28:22:9:60:58:47:50:7:6:31:61
DRUID 48 28:22:31:50:53:60:61:58:95
ROGUE 50 28:22:31:38:7:6:50:9:0:51:11:47:61
WIZARD 51 28:22:7:6:50
ELF 256 1:8:51:11
MONK 49 28:22:31:6:7:50:59:40:61
MARTIAL 45 2:13:18:10:38:35:4:5:37:11:8:1:51:53:0:95:63
EXOTIC 44 3:32:108:33:40:41:42:55:59:111:12
CREATURE 289 69:70:71:72:73
SMALLSHIELD 32 14:56:57